x_y:
number:13-------------------------------------------------
a:296.51949
b:297.12941
c: 297.90701
c_1: 297.43421
a_0: 297.03359
i1:0.0053
i2:0.0033
i3:0.012
i4:0.003
i_1: 0.00361929824561

a:
number:2-------------------------------------------------
a:a1296.51949:296.51871
b:296.343
c:297.45435
d297.23871
d_1: 297.127578
 b_0: 296.28523
b_1: 296.14478
b_2: 297.244995656
i1:0.0053
i2:0.0093
i3:0.0036
i4:0.009
i5: 0.0107108221964

youxia:
number:30-------------------------------------------------
b:296.37957
c:295.70199
c_0: 294.32649
c_1: 296.29299
c_2: 296.66754
c_3: 296.676529
c_4: 296.921283
i2:0.0046
i3:0.015
i4: 0.003195892009
i5: 0.00306934801016
297.34449:297.35



zuoshang:
number:1-------------------------------------------------
b: 297.81028
c: 298.11988
d: 297.90638
d_0: 297.55988
d_1: 297.25258
d_2: 297.19068
d_3: 297.12398
b_0: 297.987182
b_1: 297.691023
b_2: 297.311831
b_3: 296.92108
z: 297.06628
i1: 0.0031
i2: 0.0043
i3: 0.007
i4: 0.004
E: 296.80918:296.80918